2 0.18125 0.503125 0.06953125 0.14296875
2 0.13046875 0.5453125 0.0390625 0.07109375
2 0.0453125 0.4875 0.03203125 0.06640625
2 0.76015625 0.6375 0.1953125 0.33671875
2 0.50546875 0.6078125 0.09921875 0.1625
2 0.3171875 0.6484375 0.08984375 0.20390625
2 0.4421875 0.45390625 0.03671875 0.0859375
2 0.29609375 0.4265625 0.0421875 0.08515625
2 0.3296875 0.5046875 0.0421875 0.08125
2 0.534375 0.48671875 0.0515625 0.07890625
2 0.64609375 0.478125 0.05 0.13046875
2 0.11875 0.42734375 0.0265625 0.0578125
2 0.940625 0.4078125 0.06953125 0.1203125
2 0.46484375 0.36953125 0.02109375 0.05390625
2 0.4171875 0.3796875 0.02890625 0.05390625
2 0.35859375 0.40859375 0.02578125 0.0734375
2 0.2375 0.48828125 0.0578125 0.1015625
2 0.49453125 0.45546875 0.0359375 0.0890625
2 0.865625 0.43515625 0.0484375 0.078125
2 0.41953125 0.6296875 0.04921875 0.0796875