2 0.0703125 0.3171875 0.08125 0.13359375
0 0.1265625 0.821875 0.0859375 0.17421875
0 0.290625 0.47578125 0.10078125 0.18203125
2 0.496875 0.3984375 0.0875 0.14375
2 0.6609375 0.2109375 0.07421875 0.17421875
2 0.27109375 0.196875 0.06796875 0.140625
2 0.49140625 0.2 0.08984375 0.16015625
2 0.58125 0.89140625 0.0875 0.19296875
2 0.52578125 0.78359375 0.0875 0.1359375
2 0.04609375 0.92734375 0.08046875 0.134375
1 0.11953125 0.47421875 0.09921875 0.1640625
2 0.93984375 0.65390625 0.084375 0.19296875
2 0.64140625 0.45625 0.0765625 0.14296875
2 0.89375 0.27734375 0.0765625 0.19453125
2 0.75 0.215625 0.06953125 0.17421875
2 0.8234375 0.1234375 0.07734375 0.1421875
2 0.18046875 0.73671875 0.04609375 0.18203125